6416.84
6454.52
6200.59
6375.15
6343.83
6240.39
6215.21
5851.4
5743.77
6067.12
6054.93
5876.43
5910.33
5809.65
5944.87
5970.03
5957.88
5835.51
5845.5
6022.39
6016.08
6115.12
6176.91
6259.21
6362.08
6256.33
6294.13
6015.26
5985.01
5862.63
5905.49
5845.47
5813.82
5783.89
5733.91
5769.19
5670.71
5666.58
5590.27
5414.64
5452.44
5429.37
5457.74
5672.87
5671.46
5647.59
5456.68
5466.69
5366.03
5327.57
5273.1
5333.87
5274.24
5331.34
5397.06
5274.81
5194.63
5220.73
5261.84
5331.27
5326.99
5352.87
5332.21
5331.9
5320.06
5249.22
5308.87
5420.98
5481.86
5475.68
5528.47
5565.84
5488.48
5475.34
5453.14
5461.99
5592.9
5585.81
5690.13
5675.75
5692.32
5741.47
5837.03
5837.33
5918.55
5851.16
5882.98
5887.86
5729.12
5737.33
5777.48
5800.35
5907.54
5916.77
5953.27
5891.56
5981.73
5996.8
5937.37
6024.47
6004.38
6061.95
6092.02
6114.78
6015.83
5983.25
5944.61
5905.79
5831.18
5817.68
5769.12
5775.18
5852.36
5806.77
5871.7
5934.5
5961.45
5956.62
6023.69
6039.33
6077.25
6069.85
6098.58
5942.38
5994.66
6073.43
6098.94
6115.06
6149.64
6159.74
6038.41
5948.97
5957.61
5871.14
5939.62
5903.35
5866.95
5874.56
5933.15
5932.6
6005.84
6067.63
6064.95
6115.18
6095.34
6191.79
6185.27
6313
6331.36
6318.23
6304.61
6407.5
6533.46
6526.39
6474.3
6577.7
6496.6
6556.23
6688
6727.22
6661.34
6642.13
6749.4
6720.05
6839.02
6879.56
6723.56
6789.57
6919.21
6940.32
6944.91
6838.01
6692.02
6628.14
6563.91
6543.57
6583.9
6645.9
6586.16
6766.38
6805.84
6838.6
6798.19
6862.14
6858.01
6881.1
6953.04
7040.52
6980.28
7008.11
6974.15
7010.63
6951.25
6866.32
6830.47
6895.93
6928.58
6987.2
6999.82
6967.48
6955.02
7025.18
6989.97
6981.2
7048.24
6999.44
6889.88
6930.28
6922.02
7025.76
7029.1
7101.13
7091.13
7135.12
7183.75
7179.92
6944.59
6653.32
6620.36
6214.48
6124.71
6495.78
6626.39
6567.77
6695.46
6731.23
6755.53
6669.1
6761.37
6839.78
6770.96
6742.39
6685.87
6594.97
6604.98
6526.47