7051.49
6919.31
6915.4
6869.08
6756.88
6777.24
6609.5
6582.4
6511.3
6536.65
6515.79
6623.52
6598.02
6372.01
6431.99
6295.04
6167.79
6299.62
6307.85
6328.38
6417.28
6531.82
6526.74
6543.42
6554.78
6565.24
6498.21
6504.59
6576.25
6646.55
6646.25
6650.29
6612.97
6633.03
6603.88
6552.95
6596.07
6591.36
6388.57
6509.33
6337.83
6450.39
6516.83
6530.74
6474.94
6480.76
6426.07
6388.36
6453.52
6480.98
6503.18
6480.31
6555.19
6564.66
6594.26
6587.96
6541.58
6524.87
6479.01
6441.85
6433.44
6401.39
6470.28
6464.76
6514.46
6524
6573.54
6575.71
6518.83
6552.49
6528.98
6497.06
6462.34
6417.58
6356.55
6247.75
6112.07
6106.56
6109.6
6136.54
5943.21
5987.93
5963.86
5803.14
5735.23
5898.53
5825.99
5803.78
5789.98
5771.81
5779.68
5699.14
5574.99
5642.16
5674.53
5775.15
5765.42
5776.18
5740.02
5844.29
5828.21
5799.88
5771.46
5758.53
5757.65
5730.94
5705.5
5705.03
5645.71
5618.99
5561.15
5524.07
5597.44
5647.07
5674.55
5714.33
5671.18
5678.31
5681.58
5641.02
5609.79
5641.19
5620.94
5513.7
5413.74
5360.09
5443.43
5341.2
5249.88
5317.04
5238.79
5361.21
5490.79
5629.44
5646.83
5593.01
5495.88
5444.63
5444.97
5312.94
5320.25
5482.32
5478.18
5598.74
5591.77
5569.83
5594.87
5624.69
5593
5549.7
5505.98
5429.4
5416.94
5187.79
5047.72
5058.7
5116.91
5134.4
4994.7
5001.6
5279.32
5297.11
5218.42
5180.42
5199.63
5042.79
5051.15
5071.89
4823.86
4919.11
4917.09
4729.37
4769.85
4551.89
4648.37
4503.37
4591.41
4792.39
4825.78
4830.34
4742.81
4773.38
4807.21
4753.37
4654.39
4670.61
4650.44
4730.56
4768.4
4832.48
4809.93
4785.29
4860.91
4937.02
4965.27
5111.82
5133.44
5182.51
5063.82
5067.75
4986.99
4956.02
4995.53
4962.54
5040.15
5045.25
4994.39
4980.03
4991.57
5160.16
5094.42
5078.42
5013.43
5033.06
5045.62
5035.79
5086.45
5100.47
5213.73
5207.12
5260.78
5165.36
5108.93
5115.82
5015.61
5038.98
5081
5033.07
4941.42
4953.56
4937.98
4975.44
4995.79
4990.57
4936.77
4897.45
4817.04