5146.04
4799.3
4847.21
4934.86
4911.99
4862.35
4942.62
4962.8
5025.3
5027.01
5015.36
5017.48
5028.2
5016.76
5037.25
5039
5008.25
5013.72
4940.07
4935.09
4861.53
4692.3
4803.8
4763.4
4775.28
4791.32
4790.08
4759.25
4690.22
4758.83
4741.46
4764.95
4776.03
4866.81
4857.27
4836.39
4809.02
4865
4837.63
4775.86
4769.64
4751.19
4797.67
4877.38
4854.9
4855.23
4792.74
4725.81
4750.74
4805.09
4809.51
4711.43
4692.4
4751.08
4851.65
4936.31
4940.85
4941.42
4950.32
5040.52
5042.28
5066.55
5067.51
5092.92
5043.11
5032.35
5127.49
5175.75
5377.19
5581.13
5599.8
5589.72
5768.03
5712.5
5945.06
6070.63
6122.46
5938.22
6087.98
5942.8
5945.67
5927.52
6052.85
5907.01
5986.81
5970.15
6051.21
6115.92
6182.7
6134.28
6114.14
6081.71
6131.45
6141.84
6086.37
6025.19
6019.87
5965.02
6035.21
6145.77
6127.19
6155.83
6095.41
6096.93
6022.72
6021.18
5774.89
5729.48
5732.99
5790.76
5934.81
5909.41
5898.45
5859.54
5876.43
5892.92
5966.82
5983.39
5973.49
5921.92
5951.86
6019.05
6096.54
6109.22
6073.09
6125.79
6301.82
6376.1
6314.74
6412.4
6423.11
6323.76
6380.07
6355.66
6401.35
6431.25
6384.07
6380.87
6537.2
6507.05
6560.41
6497.83
6435.41
6428.4
6441.02
6380.75
6327.46
6328.23
6225.59
6247.19
6226.26
6116.88
6062.52
5955.5
6102.73
6122.2
6192.28
6210.61
6159.08
6086.16
6095.74
6034.07
6053.7
6173.95
6123.05
6106.97
6160.99
6106.87
6083.66
6266.98
6261.46
6341.93
6315.66
6314.88
6317.62
6325.16
6373.93
6284.93
6249.61
6228.62
6047.51
6057.44
6177.78
6160.82
6200.22
6190.56
6200.48
6232.53
6256.76
6312.43
6309.82
6324.6
6342.17
6257.97
6228.78
6304.96
6290.23
6371.97
6435.43
6415.76
6455.44
6425.68
6471.63
6464.55
6518.46
6478.44
6499.02
6535.59
6499.52
6490.09
6453.98
6477.85
6438.52
6508.17
6504.68
6513.73
6538.24
6611.58
6616.21
6644.66
6620.42
6584.91
6587.86
6578.36
6625.44
6626.41
6616.38
6551.26
6494.34
6475.42
6431.95
6441.15
6426.3
6437.06
6458.91
6424.72
6359.67
6426.09