3342.18
3188.44
3135.56
3171.99
3254.05
3171.24
3217.55
3227.93
3297.56
3314.83
3362.52
3356.8
3420.62
3283.09
3293.01
3251.23
3374.56
3501.23
3542.26
3553.36
3571.49
3621.46
3645.41
3648.75
3637.03
3578.1
3621.43
3775.19
3863.45
3876.76
3874.73
4001.16
3961.5
3912.67
4055.65
4098.44
4071.49
4049.5
4156.88
4278.63
4384.67
4517.59
4344.99
4582.61
4737.32
4731.85
4723.65
4601.58
4474.47
4474.4
4619.38
4564.53
4413.84
4507
4489.99
4511.62
4664.46
4589.92
4573.58
4674.28
4647.23
4654.68
4652.68
4602.71
4606.65
4750.7
4825.29
4795.17
4948.62
4982.61
5013.28
4925.15
4847.13
4698.86
4682.27
4597.66
4575.85
4695.49
4534.19
4491.08
4577.48
4448.43
4482.63
4631.69
4569.25
4562.31
4547.78
4506.11
4527.07
4527.47
4563.52
4501
4473.8
4448.18
4449.32
4492.48
4267.9
4573.42
4678.14
4687.12
4678.51
4718.23
4664.58
4575.8
4565.53
4460.11
4495.39
4446.54
4346.63
4300.25
4295.43
4258.92
4227.05
4245.28
4209.95
4356.1
4295.37
4316.43
4302.24
4342.73
4391.5
4368.23
4317
4277.42
4269.72
4223.01
4219.14
4221.07
4177.2
4198.3
4188.9
4129.85
4150.26
4114.9
4074.37
4062.49
4132.17
4182.28
4143.29
4044.46
4067.83
3995.51
3921.85
3917.24
3907.33
4047.42
4020.38
4017.59
4068.47
4079.59
4078.71
4013.18
4022.47
3969.17
3914.04
3910.49
3917.81
3907.84
3906.97
3932.15
4027.58
4030.42
4083.87
4070.44
4019.63
4022.62
3994.2
3960.38
3946.56
3949.29
4046.21
4055.52
4025.93
4026.64
4092.73
4093.31
4115.04
4140.75
4122.12
4121.54
4118.6
4122.16
4104.75
4093.41
4045.61
4020.35
4006.57
3977.37
3976.69
3984.67
3919.96
3927.75
3923.45
3892.04
3859.09
3862.7
3817.12
3856.3
3815.54
3874.03
3865.19
3841.32
3873.06
3874.85
3841.29
3826.5
3782.1
3765.01
3941.49
3953.4
3927.81
3904.38
3888.74
3879.99
3881.72
3877.45
3848.46
3832.69