6152.43
6199.91
6404.31
6421.75
6406.99
6363.89
6319.34
6241.32
6454.6
6483.3
6377.25
6343.36
6310.71
6332.2
6228.95
6033.21
6115.64
6138.87
6063.41
5984
5998.32
5862.79
5749.64
5743.86
5514.89
5474.79
5710.18
5822.98
5723.73
5798
6072.33
6313.63
6180.94
6238.87
6275.53
6318.52
6312.25
6263.54
6403.14
6393.74
6383.09
6421.73
6431.96
6493.43
6486.61
6436.8
6462.73
6598.32
6672.23
6757.07
6895.01
6997.29
6993.38
7043.23
6945.48
6889.42
6941.38
7033.25
6901.68
6898.66
6881.72
7018.68
7232.51
7182.2
7163.99
7135.89
7273.41
7265.7
7242.4
7337.85
7398.65
7498.17
7466.82
7581.5
7623.18
7627.74
7474.16
7494.6
7612.8
7629.09
7550.13
7496.61
7289.62
7371.17
7383.26
7588.04
7572.16
7560.05
7469.33
7484.37
7474.45
7448.41
7416.2
7592.53
7576.64
7599.76
7585.51
7614.6
7608.88
7606.69
7588.23
7417.03
7426.63
7469.01
7387.37
7419.7
7316.57
7397.62
7488.03
7572.91
7590.44
7639.3
7802.69
7892.13
7957.71
7996.76
7979.4
7973.58
7960
8059.02
8274.36
8413.48
8608.91
8492.32
8589.31
8265.96
8281.45
8514.27
8467.37
8572.09
8563.55
8593.35
8454.49
8470.07
8592.43
8550.27
8463.9
8204.5
7888.66
7918.04
7411.58
7366.23
7386.89
7806.85
7786.65
7678.67
7724.52
7595.71
7367.97
7484.5
7359.37
7413.11
7326.75
7195.94
7175.19
7110.8
6959.73
6823.52
7049.74
7028.01
7269.6
7228.68
7330.24
7626.05
8018.47
8083.43
7993.71
7964.67
8117.42
8153.57
8119.98
7984.39
8127.09
8097.57
8053.97
8071.36
8157.73
8273.33
8226.15
8073.97
8065.11
8130.28
7945.76
7973.3
8025.02
8161.46
8178.69
8092.02
7971.04
7968.9
7916.92
8016.93
7972.14
7759.93
7577.85
7615.45
7598.79
7694.99
7659.55
7685.48
7557.01
7501.63
7612
7552.98
7607.11
7835.37
7836.94
7879.91
7819.09
7829.39
7745.26
7692.96
7666.64
7654.9
7559.63
7680.87
7700.29
7701.22
7681.85
7706.67
7854.85