6820.35
6844.75
6875.02
7019.43
7010.76
7094.77
7118.07
7189.47
7137.76
7165.46
7206.42
7173.42
7154.2
7254.32
7251.04
7290.77
7219.55
7248.01
7212.28
7156.96
7146.21
7149.54
7221.98
7283.4
7315.39
7346.88
7410.47
7424.1
7536.28
7499.51
7598.93
7687.18
7642.03
7656.85
7678.04
7791.19
7739.94
7908.61
7887.36
7730.49
7832.07
7875.32
7983.71
7880.45
7956.57
8019.46
8081
8162.68
8182.44
8174.18
8246.64
8255.07
8268.15
8275.57
8291.31
8426.42
8526.2
8441.52
8492.67
8230.07
8234.07
7946.88
7843.43
8029.33
8089.71
8119.7
8004.2
8163.41
8203.89
8367.57
8517.7
8460.63
8655.82
8584.12
8593.08
8487.89
8639.37
8616.11
8614.78
8492.1
8326.53
8302.25
8421.87
8430.62
8576.94
8629.23
8654.19
8661.72
8660.76
8592.44
8485.66
8187
8314.67
8269.43
8294.27
8427.07
8349.85
8233.37
8274.19
7966.64
7952.12
8181.62
7996.1
8081.79
8141.12
8107.54
7996.75
8022.89
8150.66
8144.38
8178.7
8194.66
8123.26
8058.46
7997.65
8004.49
8163.11
8197.3
8255.78
8282.91
8231.3
8342.94
8367.46
8392.98
8267
8259.28
8315.02
8502.18
8640.45
8679.24
8713.49
8636.29
8882.13
8833.83
8925.12
8918.17
8956.41
8871.76
8984.59
9024.48
9030.28
8996.72
9027.63
9192.57
9258.63
9322.84
9305.27
9362.68
9429.74
9394.63
9501.08
9593.54
9555.98
9544.56
9571.8
9677.4
9749.3
9833.77
9550.4
9381.06
9632.42
9808.91
9869.25
9923.05
9892.34
9942.79
10066.35
10001.56
10048.9
10065.76
9919.68
9861.47
9840.88
9923.84
9993.54
9897.27
9807.74
9556.12
9632.34
9770.8
9706.57
9712.45
9855.16
10025.13
10020.55
9965.42
10011.47
10116.84
10050.67
9827.49
9756.47
9504.99
9211.67
9460.76
9147.85
9290.39
9382.73
9149.29
9079.36
9145.18
9115.1
9155.24
9093.84
8932.02
9087.55
9141.33
9243.71
9201.21
9220.99
9073.77
8994.02
8791.81
8719
8829.38
8708.83
8695.02
8504.66
8537.18
8380.83
8392.59
8221.35
8255.82
8461.87
8463.16
8429.35
8262.4
7997.81
7832.15
7618.45
7316.78
7734.05
7692.47
7825.01
7719.04
7662.53
7210.01
7089.56
7313.4