4258.93
4367.99
4456.27
4191.07
3975.53
4052.78
3808.21
3655.91
3539.71
3591.31
3352.33
3316.26
3538.32
3776.08
3960.4
4134.12
4075.94
3832.25
4089.84
4113.83
4023.3
4148.15
4110.55
4058.82
4023.72
4002.45
4026.01
4124.32
4314.27
4236.88
4384.19
4460.04
4540.92
4729.65
5048.48
4950.68
5181.98
4873.67
4946.52
5012.46
4839.46
4869.82
5033.37
4955.33
4644.45
4624.84
4527.51
4487.84
4622.4
4588.44
4743.57
4838.4
4875.79
4734.94
4801.24
4909.22
4953.87
4818.84
4837.6
4759.31
4735.17
4775.48
4725.83
4820.76
4880.76
4951.91
5139.94
5297.92
5185.3
5344.84
5279.97
5349.76
5363.68
5454.61
5586.46
5593.1
5671.45
5313.31
5451.06
5690.11
5739.26
5754.09
5824
5732.09
5806.74
5913.82
5941.15
5988.25
5728
5921.29
5850.18
5777.07
5852.95
5920.78
6112.09
6172.57
6172.65
6305.22
6301.89
6208.48
6102.09
6125.79
5728.72
5789.05
6018.04
5982.26
6110.07
6142.21
6168.9
6158.17
6089.6
5959.92
5901.45
5939.17
5713.59
5597.24
5610.72
5729.69
5709.27
5585.44
5676.19
5695.71
5805.56
5914.21
5852.63
5851.16
5753.98
5775.55
5817.74
5925.19
6024.4
6029.78
5976.14
6033.24
6132.73
6090.19
5872.74
6023.18
5931.26
5900.7
5768.08
5613.1
5604.69
5607.21
5591.96
5412.61
5318.01
5303.88
5456.8
5312.32
5327.1
5412.23
5283.19
5173.75
5225.76
5229.99
5148.13
4895.84
4822.98
5005.91
5054.58
4957.09
5140.3
5185.59
5227.83
5178.06
5141.41
5012.45
5060.68
4881.65
4887.03
4838.17
4866.22
5142.6
5207.01
5157.66
5104.43
5089.95
4967.9
4897.35
4848.26
4650.35
4410.09
4393.18
4690.42
4527.37
4526.14
4516.52
4411.6
4352.92
4358.95
4566.57
4543.53
4673.68
4625.59
4508.26
4515.37
4624.83
4709.5
4707.8
4722.08
4668.49
4663.02
4544.47
4534.26
4565.99
4532.25
4639.35
4593.32
4653.27
4741.45
4814.19
4790.68
4842.33
4851.5
4867.13
4858.44
4830.13
4726.15
4742.71
4796.66
4817.65
4846.55
4825.48
4813.2
4823.67
4554.5
4568.61
4309.23
4304.04
4334.3
4391.47
4296.56
4088.65
4135.64
4253.73
4381.69
4364.45
4389.86