8159.11
8028.63
7966.18
7835.56
7778.16
7737.2
7375.14
7513.24
7798.25
7770.77
7799.1
7895.48
7847.62
7907.68
8098.65
8085.47
8405.11
8514.18
8470.61
8621.97
8544.14
8683.46
8634.61
8567.66
8713.42
8800.02
8706.46
8708.29
8782.09
8837.34
8978.51
9037.48
9088.81
9147
9066.46
9027.1
9229.19
9202.56
9277.09
9211.83
8977.54
8765.32
8847.65
8850.74
8887.36
8897.27
9030.55
9056.37
9055.51
9065.3
9045.55
8952.66
8859.41
8904.23
8856.06
8757.59
8806.85
9040.75
9014.17
9095.83
9088.96
9091.16
9041.5
9013.1
9134.06
9239.48
9266.68
9263.44
9090.31
9054.02
8863.11
8764.58
8807.31
8780.21
8619.49
8725.94
8508.56
8440.2
8636.51
8613.96
8636.11
8471.62
8434.67
8348.35
8304.21
8293.46
8360.6
8330.15
8325.64
8290.37
8210.84
8378.88
8278.43
8202.9
8193.5
8167.5
8066.16
8134.89
8136.27
8267.49
8369.32
8384.91
8314.09
8178.39
8068.17
8124.5
7903.34
7606.25
7565.64
7643.2
7425.96
7505.58
7636.73
7591.27
7455.63
7223.13
7210.74
7117.11
7283.83
7404.27
7466.38
7768.31
7754.43
7817.27
7692.91
7633.36
7670.71
7722.64
7681.96
7535.73
7548.81
7817.11
7758.63
7876.24
7894.85
7845.97
7936.82
7947.53
7883.16
7815.53
7789.22
7875.91
7924.84
8032.86
8039.8
8047.67
7949.2
7881.06
7879.89
7902.4
7890.3
7830.14
7775.33
7730.43
7653.51
7622.68
7599.04
7593.14
7499.73
7471.74
7530.02
7372.12
7383.98
7351.51
7362.55
7348.04
7371.84
7273.85
7181.59
7293.4
7270.84
7213.37
6957.75
6908.33
6814.33
6813.3
6723.77
6735.92
6550.11
6335.09
6471.68
6251.38
6463.15
6755.71
6800.73
6942.26
6894.57
6803.83
6841.83
6860.17
6857.96
6972.54
7000.52
6961.76
7149.59
7029.4
7033.99
6962.17
6979.95
6979.89
6910.61
6884.5
6833.95
6702.06
6436
6619.97
6534.65
6674.89
6970.23
6944.17
6920.45
6909.22
6819.12
6799.88
6901.19
6904.56
6848.72
7021.42
6987.79
7055.46
7050.32
7036.63
6962.09
7016.89
7101.46
7165.98