9853.15
9862.42
9927.06
9964.72
9805.4
9868.82
10134.97
10588.56
10559.2
10867.64
10904.9
10835.67
11153.05
11422.51
11769.32
11947.01
12054.35
12087.23
12217.78
11869.4
12302.07
12289.36
12154.98
12054.51
12417.47
12495.34
12424.53
12126.96
12231.91
12026.03
11659.5
11804.4
11792.65
12271.94
11975.29
11749.13
11814.35
11658.66
11086.63
11431.2
11661.73
11419.85
11436.99
11300.63
11019.36
11462.14
11415.56
11373.32
11350.28
11791.2
11817.54
11925.24
11896.87
11934.49
11502.34
11504.74
11369.69
11447.55
11257.23
10978.15
10628.29
10300.79
10546.01
10406.31
10447.87
10512.19
10755.87
11163.49
11119
10907.09
10440.67
9828.22
9814.54
9725.89
9781.98
9978.86
9603.72
9436.12
9419.32
9291.61
8994.4
8830.57
9292.39
9365.93
9428.63
9607.73
9576.74
9517.83
9713.78
9665.5
9292.37
8734.93
8574.54
8502.28
8624.7
8943.39
8880.16
8948.49
8922.67
8426.41
8417.08
8361.18
8275.02
8569.55
8059.14
7927.17
7416.96
6992.89
6720.32
7014.4
6587.77
6146.44
6303.75
6703.06
6857
7290.88
7664.48
7857.01
7347.74
7339.71
7075.5
6602.12
6454.12
6098.16
5933.74
6323.22
6523.32
6092.32
5855.82
6016.43
5892.88
5522.04
5500.4
5452.74
5568.55
5294.12
4995.38
5157.45
5049.58
4905.87
4677.18
4524.55
4693.2
4905.83
4986.4
5286.61
4953.97
4626.09
4854.72
4813.07
4709.75
4818.41
4777.84
5013.05
5194.39
5299.56
4991.42
5271.61
5321.64
5255.89
5402.64
5442.22
5597.39
5618.21
5771.28
5450.42
5128.73
5129.13
5008.21
4668.24
4534.56
4232.21
4094.78
4114.63
3884.89
4038.73
4248.49
4303.28
4010.56
3802
3877.68
3649.77
3506.8
3333.46
3135.56
3164.61
3378.5
3606.18
3405.21
3635.28
3768.11
3574.89
3600.75
3364.49
3308.85
3487.98
3361.59
3434.72
3520.11
3480.47
3362.25
3396.51
3291.65
3159.27
2956.72
3111.41
2998.38
2807.21
2701.84
2596.79
2705.01
2560.47
2593.75
2626.05
2771.4
2739.04
2895.61
2746.25
2573.45
2620.65
2655.85
2688.6
2768.09
2767.21
2891.11
2916.9
3085.02
3216.19
3300.57
3519.41
3316.36
3100.22
3309.05
3318.53