4612.97
4692.17
4718.81
4772.61
4803.51
4782.82
4856.82
4904.43
4947.16
4939.07
5022.96
5045.94
4964.22
5102.64
5135.35
5131.42
5122.01
5243.6
5298.99
5341.49
5312.67
5390.05
5391.63
5237.37
5217.63
5204.55
5072.04
5061.6
5088.1
5023.41
5026.43
4859.48
4766.91
4839.42
4995.32
4950.37
5074.8
5070.24
4987.73
4951.5
5019.22
5031.69
5142.42
5144.37
5056.64
5066.4
5033.53
4988.08
4986.53
4923.03
4926.2
4965.48
4984.86
5030.63
5029.61
5012.96
4890.32
4851.95
4810.23
4818.18
4745.03
4685.16
4790.1
4721.25
4792.54
4817.35
4833.47
4800.94
4676.48
4733.96
4652.1
4613.74
4552.46
4528.05
4563.85
4487.62
4405.44
4461.98
4439.66
4538.52
4503.22
4527.81
4547.74
4556.09
4505.07
4470.31
4480.12
4441.57
4486.45
4523.95
4513.19
4496.19
4545.18
4532.53
4539.47
4536.53
4482.25
4481.29
4462.61
4428.97
4268.17
4289.24
4326.38
4300.6
4292.46
4356.07
4437.63
4500.82
4560
4563.67
4623.94
4637.59
4634.33
4540
4541.38
4501.02
4519.27
4496.58
4456.85
4468.94
4583.97
4586.61
4565.04
4526.65
4633.8
4597.19
4681.07
4676.13
4672.49
4637.78
4603.9
4628.78
4587.85
4618.02
4697.66
4690.48
4655.08
4565.01
4501.97
4496.44
4467.5
4523.81
4454.08
4455.98
4489.63
4511.97
4432.22
4329.31
4337.99
4316.79
4384.52
4312.38
4307.69
4352.51
4349.68
4282.6
4248.55
4147.59
4159.02
4154.8
3978.87
4022.16
4018.85
4008.22
3959.1
3947.32
4029.53
4108.52
4101.84
4072.08
4088.18
4134.91
4122.78
4082.9
4030.73
3951.73
3958.28
3901.61
3893.34
3914.9
3926.38
3784.48
3772.91
3733.93
3733.06
3866.22
3822.81
3850.68
3816.38
3793.03
3800.97
3852.45
3946.35
3960.45
3933.61
3888.49
3852.27
3758.38
3770.12
3785.5
3685.04
3716.72
3664.52
3441.69
3437.6
3569.93
3481.9
3524.75
3529.42
3540.48
3472.5
3351.63
3397.29
3524.21
3584.08
3717.71
3704.25
3720.45
3562.87
3592.12
3688.21
3622.75
3602.83
3602.96
3633.22
3729.02
3707.18
3749.32
3734.51
3724.17
3694.38
3699.23
3662.6
3670.9
3647.97
3670.9
3640.9
3631.73