5177.45
5194.07
5173.84
5181.42
5197.68
5130.12
5032.94
5065.09
5061.12
5043.78
5088.22
5066.90
5124.34
5184.68
5219.36
5192.26
5242.84
5216.83
5271.74
5304.98
5381.21
5395.30
5405.05
5373.99
5407.58
5459.61
5492.12
5539.45
5541.62
5600.14
5601.23
5579.55
5551.37
5503.32
5503.32
5458.52
5515.97
5608.45
5630.49
5565.10
5549.20
5506.21
5485.62
5536.56
5600.14
5642.41
5629.77
5641.69
5470.45
5581.00
5583.89
5568.71
5586.05
5584.97
5683.60
5669.51
5655.42
5626.88
5636.63
5643.86
5670.59
5626.88
5630.85
5587.14
5637.72
5671.68
5689.74
5682.88
5682.88
5594.36
5560.40
5485.98
5487.06
5532.59
5592.92
5620.01
5549.93
5551.73
5535.48
5564.74
5588.58
5553.90
5566.91
5567.99
5573.41
5569.07
5575.22
5498.26
5478.03
5464.30
5420.95
5474.06
5475.14
5518.13
5582.59
5624.70
5625.44
5635.04
5687.50
5748.82
5736.26
5778.00
5762.11
5762.85
5762.85
5709.66
5673.83
5693.41
5643.17
5624.70
5665.70
5697.47
5667.18
5697.10
5687.87
5668.66
5668.29
5657.95
5649.45
5652.78
5628.03
5648.34
5659.42
5705.23
5717.79
5719.27
5682.70
5677.52
5654.62
5729.98
5720.37
5703.01
5703.01
5588.13
5550.82
5581.85
5603.65
5520.53
5510.56
5349.51
5358.75
5376.88
5464.18
5426.82
5390.94
5346.55
5354.68
5422.01
5473.05
5434.58
5481.93
5528.91
5594.75
5679.83
5674.28
5696.10
5718.67
5713.49
5681.31
5704.98
5647.28
5666.88
5665.77
5689.45
5699.43
5721.26
5689.82
5733.46
5722.74
5693.88
5711.27
5712.38
5647.65
5616.20
5616.20
5648.39
5656.89
5606.96
5659.85
5733.83
5727.18
5754.92
5771.93
5838.52
5889.19
5888.82
5877.35
5867.74
5888.45
5894.74
5874.03
5877.35
5868.85
5872.92
5882.16
5904.90
5933.97
5932.85
5992.85
5979.81
5966.76
5930.61
5921.67
5969.37
6010.00
6004.78
6020.80
6059.19
6094.22
6090.87
6061.80
6036.46
5992.48
6007.01
5972.73
6007.01
5993.23
6029.38