3838.47
3857.65
3850.92
3867.41
3861.35
3866.73
3862.02
3859.00
3908.45
3932.34
3930.66
3928.98
3882.21
3869.43
3867.41
3862.70
3871.44
3870.44
3857.99
3832.08
3843.86
3847.56
3870.77
3928.64
3937.72
3937.39
3935.37
3932.68
3939.07
3954.21
3958.25
3986.17
3987.52
3953.54
3963.97
3973.05
4003.33
4011.74
3988.57
4011.05
3994.80
3979.92
3989.61
3997.56
3962.63
3979.23
3983.38
4035.60
4025.23
4048.75
4038.37
4069.15
4073.65
4083.68
4072.61
4082.98
4087.83
4138.66
4157.34
4151.81
4160.80
4172.56
4157.69
4168.41
4201.61
4200.57
4205.41
4192.62
4198.15
4187.08
4197.80
4208.18
4195.38
4179.13
4207.49
4230.66
4270.08
4303.98
4300.17
4299.83
4314.70
4321.27
4316.08
4328.88
4373.14
4359.66
4343.40
4383.86
4390.78
4404.62
4411.19
4430.55
4437.47
4435.05
4422.60
4340.63
4341.33
4395.62
4436.43
4438.16
4412.22
4368.99
4378.68
4465.14
4472.75
4444.39
4476.55
4485.20
4462.02
4458.57
4423.98
4446.46
4484.50
4491.08
4496.26
4510.79
4553.67
4550.56
4547.10
4589.64
4585.84
4551.25
4542.61
4556.78
4550.56
4556.09
4585.14
4615.23
4664.00
4702.73
4702.38
4680.60
4727.28
4727.48
4708.82
4736.29
4686.28
4628.87
4641.55
4641.55
4668.67
4714.45
4707.06
4732.77
4715.51
4708.47
4700.36
4690.15
4701.42
4683.46
4693.32
4693.32
4671.49
4643.66
4618.30
4659.86
4640.84
4639.08
4630.63
4617.60
4614.78
4620.42
4584.85
4580.62
4601.40
4594.00
4608.44
4604.57
4610.56
4647.54
4647.54
4670.08
4683.81
4669.72
4700.72
4704.94
4747.21
4765.52
4801.80
4797.57
4780.41
4767.04
4792.69
4767.40
4764.15
4769.93
4765.60
4762.34
4787.63
4789.08
4761.26
4749.70
4740.67
4762.71
4769.21
4726.22
4720.80
4735.25
4764.87
4793.78
4784.38
4795.94
4777.52
4802.45
4794.86
4755.48
4783.66
4753.67
4703.82
4741.75
4756.56
4755.48