3172.41
3201.48
3200.13
3204.83
3203.94
3209.53
3199.46
3185.60
3246.20
3258.50
3249.55
3264.98
3254.02
3223.39
3255.81
3226.74
3232.78
3240.61
3272.14
3224.96
3244.86
3223.39
3234.12
3272.81
3257.60
3255.59
3225.40
3245.08
3251.57
3276.83
3246.65
3245.97
3224.73
3230.32
3280.63
3280.19
3282.42
3257.83
3283.32
3269.45
3267.67
3275.27
3290.25
3268.56
3241.50
3221.60
3215.12
3230.99
3208.63
3208.63
3235.91
3236.36
3256.04
3254.25
3261.40
3276.39
3272.14
3260.96
3259.39
3267.67
3231.44
3235.24
3235.47
3249.33
3234.12
3249.11
3275.49
3213.55
3181.35
3224.96
3255.37
3269.90
3306.13
3353.76
3366.50
3336.31
3343.25
3338.77
3348.61
3324.46
3304.56
3307.92
3333.18
3359.12
3336.09
3378.13
3359.35
3369.41
3363.37
3369.41
3397.58
3385.12
3391.98
3368.88
3353.09
3376.03
3397.99
3393.84
3378.71
3386.77
3364.21
3370.44
3398.43
3396.88
3413.21
3396.10
3406.99
3399.73
3398.69
3404.13
3369.92
3343.22
3351.51
3354.36
3354.90
3329.49
3287.76
3274.12
3285.35
3280.80
3285.62
3290.70
3284.01
3282.41
3319.86
3318.52
3354.10
3330.29
3339.20
3295.17
3293.28
3324.08
3330.56
3337.31
3358.39
3345.42
3361.63
3331.64
3303.00
3308.41
3277.61
3290.04
3285.71
3282.20
3334.07
3379.19
3391.89
3393.78
3395.40
3384.32
3365.14
3340.56
3332.18
3337.58
3331.10
3320.83
3313.27
3328.94
3324.89
3329.48
3307.06
3304.89
3254.10
3228.17
3232.22
3246.81
3254.64
3267.61
3257.35
3266.26
3290.31
3292.20
3281.93
3260.59
3271.39
3305.16
3305.70
3376.22
3327.32
3319.21
3315.70
3327.05
3320.83
3280.85
3278.69
3287.87
3250.32
3276.26
3266.80
3271.66
3254.37
3200.61
3179.00
3178.19
3152.25
3176.03
3136.58
3174.41
3201.42
3195.48
3174.68
3174.41
3188.45
3186.02
3187.10
3200.88
3207.64
3244.11
3235.73
3251.40
3246.27
3226.28