3756.60
3783.90
3798.82
3803.88
3820.77
3865.51
3850.31
3848.63
3842.43
3867.20
3870.29
3870.29
3884.37
3891.96
3914.48
3912.79
3895.34
3908.00
3926.30
3945.43
3978.36
3964.01
3975.54
3967.66
3871.42
3906.32
3906.03
3931.92
3895.34
3894.78
3904.06
3928.27
3937.27
3922.64
3887.46
3911.66
3891.68
3839.90
3838.78
3832.02
3809.23
3831.74
3824.42
3832.30
3856.22
3851.72
3853.41
3830.61
3862.70
3862.98
3849.59
3848.15
3865.14
3895.65
3864.85
3862.55
3869.46
3821.09
3774.73
3762.35
3699.02
3626.75
3635.96
3593.35
3675.41
3679.73
3693.26
3674.26
3688.83
3681.69
3661.47
3663.25
3661.47
3620.42
3619.82
3598.71
3652.54
3648.68
3705.78
3699.54
3668.31
3681.69
3701.02
3714.41
3697.75
3695.97
3669.50
3629.04
3656.41
3629.04
3652.84
3659.68
3671.50
3720.61
3732.89
3758.98
3766.35
3742.40
3745.17
3755.30
3753.45
3757.14
3758.37
3760.83
3758.98
3772.21
3768.52
3755.91
3749.45
3753.14
3773.45
3783.12
3814.82
3790.41
3811.34
3776.77
3741.89
3707.97
3724.77
3699.09
3636.94
3685.50
3669.64
3667.05
3624.96
3646.65
3652.48
3674.49
3688.42
3709.13
3702.98
3702.66
3704.28
3739.24
3753.81
3755.43
3748.31
3727.26
3732.44
3735.03
3741.83
3735.68
3720.47
3730.83
3764.50
3798.16
3796.22
3792.66
3765.79
3747.01
3753.81
3755.75
3766.76
3750.90
3768.70
3760.29
3784.57
3776.47
3755.43
3755.11
3751.22
3775.83
3846.73
3829.89
3881.04
3898.85
3917.30
3913.42
3901.44
3885.58
3885.58
3898.70
3886.25
3908.45
3874.81
3860.34
3879.86
3895.33
3953.87
3933.35
3936.71
3869.09
3851.59
3837.13
3831.74
3849.24
3863.03
3878.17
3854.62
3843.18
3846.88
3801.13
3787.33
3775.56
3797.43
3821.31
3876.83
3875.15
3889.95
3910.47
3923.93
3917.54
3936.04
3911.14
3891.29
3855.30
3850.59
3848.23
3875.15
3930.66
3908.12