7965.04
7978.99
7906.25
7902.26
7802.62
7580.41
7647.17
7732.12
7784.68
7691.76
7753.54
7753.54
7873.12
7794.40
7730.87
7700.73
7712.94
7815.07
7915.46
7973.01
7906.50
8107.78
8160.34
8129.70
8117.24
8189.49
8180.52
8295.61
8314.54
8369.59
8370.09
8370.09
8398.49
8451.05
8375.57
8413.93
8410.20
8370.09
8457.77
8490.66
8545.71
8550.44
8584.82
8539.24
8444.32
8569.38
8567.14
8643.11
8675.75
8659.55
8602.51
8718.84
8749.98
8775.39
8803.04
8906.42
8816.25
8904.43
8872.79
8846.88
8796.07
8782.12
8799.80
8868.31
8986.64
8983.40
9033.22
8956.49
8891.48
8994.86
8994.86
9012.29
9110.19
9162.26
9076.56
9167.49
9141.83
9184.93
9176.71
9143.32
9064.61
8917.63
8898.95
8951.51
9063.36
9147.06
9192.65
9147.56
9054.64
8976.67
9055.14
9091.51
9161.76
9211.83
9172.22
9095.99
9050.91
9054.64
9171.48
9132.36
9114.43
8963.72
8936.56
8970.20
8899.95
8922.37
8891.23
8803.79
8870.55
9037.70
9069.59
9049.91
8971.69
8811.76
8834.93
8627.92
8665.28
8829.45
8813.00
8712.86
8711.12
8828.45
8923.86
8935.57
8944.53
8997.35
8952.01
9048.66
9025.25
9025.25
9091.76
9085.03
9174.96
9089.77
9105.73
9096.21
9245.54
9234.47
9328.18
9337.97
9295.74
9190.18
9128.91
8932.97
8937.35
9028.24
8934.78
8914.95
9026.95
8883.29
8786.73
8487.31
8546.78
8577.67
8598.02
8574.84
8462.84
8552.96
8459.50
8425.00
8574.84
8714.64
8693.28
8611.40
8533.65
8566.60
8602.65
8523.35
8165.99
8051.68
7539.06
7827.42
7782.37
7682.22
7640.25
8020.78
7865.02
7615.55
7795.50
7945.35
8024.39
8089.78
7873.77
7895.65
7933.25
7897.20
8154.41
8001.98
8028.77
8108.83
8080.52
7842.62
7632.53
7784.70
7726.24
7742.98
7741.70
7731.91
7899.53
8001.47
7938.14
7968.79
8299.36
8416.76
8466.45
8505.85
8519.23
8533.14
8452.29
8432.21
8366.04
8371.97
8495.03
8592.11