2810.15
2809.73
2796.08
2773.25
2794.37
2766.00
2750.64
2760.67
2689.21
2669.37
2692.62
2659.13
2666.38
2677.90
2600.45
2615.32
2604.50
2561.04
2559.23
2553.38
2543.24
2590.54
2586.26
2602.70
2622.52
2606.31
2640.09
2644.37
2648.20
2619.14
2624.10
2624.32
2649.55
2635.59
2596.85
2583.56
2574.77
2564.19
2602.48
2617.12
2627.25
2635.59
2660.36
2649.55
2676.80
2669.59
2696.17
2683.33
2686.71
2674.55
2687.84
2695.72
2741.22
2755.63
2738.74
2727.93
2695.72
2704.28
2707.66
2736.94
2743.69
2727.70
2707.21
2700.45
2736.71
2719.37
2721.17
2717.12
2722.07
2731.08
2729.73
2751.80
2763.06
2765.77
2732.88
2711.94
2695.95
2666.67
2654.50
2666.44
2676.58
2645.05
2656.76
2668.92
2689.64
2696.17
2710.36
2721.62
2733.56
2732.88
2738.51
2801.58
2821.53
2822.45
2819.68
2831.71
2819.91
2844.68
2852.23
2856.26
2855.55
2820.92
2870.49
2878.56
2876.66
2900.97
2935.19
2925.00
2911.65
2897.33
2862.38
2892.57
2933.42
2929.70
2928.22
2935.89
2882.18
2893.56
2895.30
2901.73
2857.18
2845.05
2842.33
2862.13
2878.71
2880.69
2899.26
2911.63
2879.21
2904.95
2914.11
2890.84
2932.67
2969.80
2980.20
2999.75
2999.75
2981.68
2993.81
2961.14
2904.70
2922.52
2930.94
2920.79
2898.51
2917.33
2905.20
2899.26
2864.60
2809.65
2716.34
2710.64
2734.90
2758.91
2716.58
2746.78
2747.77
2748.27
2681.44
2644.80
2656.44
2603.96
2560.15
2483.42
2532.92
2611.63
2614.85
2632.43
2593.32
2614.36
2613.37
2628.22
2596.29
2619.55
2615.59
2612.62
2625.74
2582.67
2564.11
2567.33
2571.29
2557.43
2518.32
2512.38
2452.97
2485.64
2459.65
2427.48
2452.48
2515.84
2505.20
2489.36
2516.83
2510.64
2523.76
2445.54
2407.92
2365.10
2398.02
2416.34
2381.19
2387.87
2452.72
2520.79
2516.09
2494.06
2504.21
2484.16
2436.14
2430.20
2448.02
2442.33