9184.26
9311.19
9544.97
9537.76
9643.32
9619.89
9474.68
9349.56
9120.93
9340.55
9355.22
9335.92
9264.07
9120.67
9203.31
9324.58
9200.23
9281.33
9358.82
9345.69
9274.12
9366.82
9304.50
9304.24
9291.11
9133.03
9177.31
9363.45
9274.89
9274.89
9297.03
9195.47
9298.63
9339.95
9552.67
9544.41
9399.66
9366.34
9306.57
9324.78
9297.61
9275.88
9467.40
9736.07
9727.61
9693.75
9772.84
9897.44
9876.35
9958.77
9930.47
9879.40
9997.62
9903.55
9890.50
9671.83
9666.84
9836.39
9822.24
10006.78
9913.26
9786.16
9832.50
9832.50
10007.33
9963.49
10085.31
10197.70
10173.83
10339.51
10395.01
10411.66
10462.72
10493.89
10440.53
10448.55
10581.42
10727.18
10689.67
10718.59
10831.71
10845.45
10878.38
10789.04
11014.69
10886.12
10955.42
10946.82
11031.59
11007.24
11026.14
11000.37
11107.19
10913.32
10853.47
10836.95
10887.39
10866.74
10829.28
10654.68
10531.09
10702.16
10466.93
10559.75
10559.75
10596.26
10577.90
10663.70
10799.84
10909.39
10765.65
10690.29
10621.27
10490.51
10563.33
10594.99
10784.96
10841.63
10855.56
10815.99
10721.64
10666.87
10534.84
10552.57
10655.15
10815.35
10970.81
11066.43
11139.25
11135.13
11187.37
11126.90
11193.70
11200.98
11175.02
11148.11
11186.42
11209.85
11187.68
10996.14
11002.78
10969.22
10910.97
10863.16
10979.04
10972.08
10791.29
10655.15
10645.97
10677.31
10674.78
10793.82
10714.04
10707.71
10655.15
10787.81
10789.39
10973.66
11046.80
11117.08
10991.39
10963.84
11100.62
11299.76
11283.30
11326.04
11198.45
11090.17
10914.13
10829.28
10937.88
10843.21
11078.46
11078.46
11034.13
11036.35
11079.40
11028.43
11030.33
10910.34
10801.42
10737.47
10803.64
10823.90
10598.48
10524.07
10318.60
10279.34
10303.40
10275.54
10213.48
10336.96
10273.00
10401.23
10400.60
10588.35
10537.06
10649.77
10648.18
10417.06
10232.16
10286.62
10019.72
10116.28
10204.93
10392.36
10297.70
10470.25
10349.94
10302.13
10394.90
10622.54
10729.87