3309.22
3307.87
3305.16
3268.96
3251.67
3262.75
3264.64
3263.56
3267.88
3271.12
3274.91
3255.99
3241.95
3253.02
3256.81
3292.20
3298.95
3291.39
3306.25
3310.03
3332.18
3328.67
3373.79
3416.74
3442.14
3437.54
3414.58
3412.42
3422.69
3392.43
3309.49
3312.19
3302.19
3322.18
3342.99
3323.27
3356.50
3365.14
3370.81
3355.41
3400.53
3404.04
3398.91
3404.58
3469.42
3472.12
3478.34
3457.00
3427.82
3442.41
3442.95
3426.74
3465.64
3471.58
3463.48
3461.86
3445.38
3461.32
3439.98
3455.10
3457.27
3435.11
3439.44
3370.81
3379.19
3377.57
3397.02
3396.48
3428.09
3444.03
3455.64
3455.92
3478.61
3466.99
3443.49
3439.44
3429.17
3413.77
3398.37
3415.93
3413.50
3425.12
3427.55
3446.46
3446.19
3449.10
3441.90
3437.19
3443.28
3468.75
3482.31
3447.99
3443.01
3449.93
3444.39
3500.03
3523.28
3492.83
3507.78
3516.63
3540.16
3554.83
3527.43
3552.34
3553.45
3544.87
3545.14
3532.13
3510.54
3511.93
3491.72
3505.01
3514.69
3492.00
3511.65
3521.89
3494.77
3510.82
3497.53
3466.81
3490.61
3490.89
3530.20
3518.85
3516.08
3510.54
3483.97
3449.93
3475.67
3514.42
3521.06
3524.38
3515.44
3542.55
3550.93
3528.29
3535.28
3544.78
3555.40
3525.22
3546.74
3567.70
3565.46
3553.45
3567.42
3539.47
3560.99
3561.27
3552.05
3548.97
3560.43
3576.08
3572.73
3583.35
3569.09
3569.65
3579.15
3586.98
3604.86
3612.13
3615.48
3605.98
3638.96
3652.09
3648.18
3640.63
3643.99
3651.25
3645.10
3626.10
3633.93
3607.10
3588.93
3589.49
3621.63
3634.21
3615.76
3633.65
3630.85
3613.25
3575.80
3537.24
3547.02
3539.75
3543.11
3567.70
3566.02
3566.30
3555.12
3581.11
3577.76
3587.26
3598.99
3583.63
3584.74
3593.41
3593.13
3603.19
3621.63
3629.73
3642.31
3635.32
3645.10
3636.16
3649.30
3673.61
3672.49
3664.66
3687.86
3680.59