6442.49
6544.08
6567.17
6600.65
6549.47
6625.67
6703.79
6709.18
6762.28
6726.88
6765.36
6833.09
6843.87
6883.89
6850.03
6755.74
6696.48
6660.69
6656.07
6740.73
6823.86
6813.08
6806.16
6833.48
6746.89
6773.06
6855.80
6806.54
6858.11
6961.63
7022.43
6988.95
6988.95
7067.46
7020.12
6927.38
6931.61
7008.19
7038.21
6983.18
6925.07
6877.73
6918.91
6852.72
6945.85
6944.70
7000.88
7079.39
7085.16
7039.36
6878.89
6935.46
6955.48
6896.56
6877.68
6820.27
6804.79
6905.25
6876.17
6880.70
6740.58
6740.58
6583.47
6611.04
6517.01
6477.35
6526.07
6555.90
6609.16
6563.84
6540.04
6391.69
6451.89
6587.15
6679.87
6658.60
6703.55
6660.20
6833.59
6812.72
6792.25
6738.87
6783.02
6962.03
7008.99
6976.47
7071.20
7214.48
7225.32
7085.65
7136.62
7169.53
7292.74
7274.20
7286.15
7333.54
7194.67
7228.87
7303.46
7290.68
7258.13
7345.90
7383.40
7357.22
7330.18
7331.04
7289.40
7312.15
7269.65
7305.28
7435.77
7478.49
7539.27
7575.82
7711.46
7782.03
7772.08
7760.77
7718.70
7777.06
7796.51
7604.25
7758.06
7689.98
7654.24
7687.72
7672.79
7722.32
7795.38
7895.80
7858.48
7962.30
7842.43
7886.76
7921.81
7922.98
7975.70
8038.88
8020.76
7890.46
7906.72
8061.64
8088.35
8116.92
8113.44
8121.10
8174.52
8254.89
8222.61
8194.04
8198.45
8187.53
8259.30
8188.00
8031.22
8062.11
7960.84
7928.32
7942.02
7694.65
7803.36
7918.10
8021.23
7893.94
7887.90
7859.57
7782.22
7787.33
7694.42
7622.42
7622.42
7879.78
7894.64
7867.23
7822.40
7835.18
7851.90
7719.27
7660.98
7742.97
7721.13
7895.92
7886.43
7922.72
7917.26
7996.83
7970.06
7906.70
7848.01
7922.17
7991.42
7945.25
8015.49
8027.52
8038.57
8100.21
8178.31
8095.05
8061.41
8045.20
8072.22
8096.28
8057.97
7938.87
7847.03
7921.44
8060.43
8034.64
7847.76
7715.40
7161.14
7498.31
7506.66
7381.67
7442.08