2610.64
2573.51
2566.09
2522.77
2509.41
2470.30
2498.76
2501.49
2483.91
2490.59
2508.91
2623.51
2646.78
2629.21
2603.22
2619.06
2643.07
2659.41
2654.46
2662.62
2713.12
2736.39
2730.69
2772.28
2788.37
2830.94
2810.64
2830.69
2902.23
2874.75
2909.16
2877.23
2934.65
2932.18
2899.01
2891.83
2889.36
2887.87
2864.60
2889.11
2882.18
2909.90
2914.11
2972.52
2973.27
2963.37
2955.20
2939.36
2922.52
2955.20
2952.23
2948.27
2929.95
2867.82
2872.03
2855.45
2858.91
2865.84
2914.85
2917.57
2913.86
2881.19
2945.05
2926.73
2924.50
2896.78
2918.56
2873.02
2874.50
2905.45
2920.79
2933.17
2986.88
3004.46
2999.26
2965.59
2927.72
2930.45
2949.50
2921.04
2912.38
2876.98
2887.87
2930.20
2938.61
2938.86
2941.64
2917.49
2930.90
2971.15
2920.17
2924.42
2886.85
2865.38
2894.01
2886.63
2892.22
2906.08
2910.33
2900.04
2913.91
2958.86
2969.59
3000.45
3027.50
3035.33
3027.95
3005.37
2994.86
2976.74
2975.40
2985.91
2961.99
2965.12
3000.45
2993.96
2986.81
2955.50
2953.94
2965.56
2913.01
2910.11
2913.01
2934.93
2906.75
2958.41
2972.72
2934.70
2932.47
2961.99
2947.23
2944.77
2959.75
2980.77
2990.61
2983.90
2978.76
3016.32
3016.32
3012.97
2983.23
2966.23
2980.10
2972.50
2985.24
3016.32
3024.82
3017.67
3006.26
2989.04
3027.28
3026.61
3013.86
2996.20
3001.34
3008.72
3005.37
2998.43
2968.02
2898.03
2913.69
3001.79
3007.38
3040.25
3039.36
3026.16
3055.23
3049.64
3043.60
3017.67
3008.50
3008.50
3011.63
3007.16
2982.56
2987.03
3007.83
2985.69
3015.21
3013.19
3017.89
3024.37
3019.23
3010.51
3029.07
3021.02
3017.22
3006.04
3016.77
3018.34
3012.52
2984.79
2961.76
2942.75
2963.77
2946.33
2976.52
2983.68
3019.45
3041.37
3061.72
3053.00
3077.15
3060.38
3039.80
3040.92
3016.32
3004.92
3045.62
3061.94
3071.78
3069.10