770.76001
774.280029
778.049988
780.409973
782.940002
786.690002
785.52002
786.869995
787.809998
792.309998
792.179993
793.02002
789.280029
793.030029
794.280029
790.650024
786.390015
788.799988
792.880005
796.530029
800.469971
797.23999
799.570007
797.789978
777.280029
779.200012
782.700012
786.530029
783.419983
781.390015
785.450012
790.119995
792.619995
790.23999
788.849976
791.150024
789.109985
779.440002
783.780029
792.5
788.640015
783.469971
784.580017
790.549988
795.049988
792.119995
793.049988
789.090027
789.200012
792.799988
793.52002
798.98999
803.849976
803.929993
797.299988
796.340027
797.51001
786.679993
783.450012
772.5
755.289978
744.909973
743.460022
727.409973
750.950012
750.719971
755.169983
748.710022
748.109985
739.219971
727.380005
727.309998
727.969971
720.450012
712.849976
705.52002
718.73999
722.559998
730.799988
734.210022
731.690002
733.840027
740.679993
739.369995
740.299988
740.549988
732.859985
722.960022
725
717
719.609985
716.919983
711.909973
711.52002
721.900024
727.309998
726.700012
724.950012
731.469971
732.070007
731.640015
733.140015
735.190002
735.52002
739.5
742.380005
743.429993
739.299988
729.789978
728.880005
734.25
731.700012
735.97998
735.840027
734.969971
729.349976
718.849976
708.789978
712.73999
700.849976
693.789978
702.679993
702.049988
704.01001
705.960022
706.849976
703.590027
701
706.530029
707.460022
706.830017
709.590027
719.349976
721.559998
721.359985
722.619995
719.320007
712.77002
715.030029
716.679993
716.880005
715.659973
712.130005
712.429993
722.159973
724.849976
724.799988
723.690002
720.179993
718.669983
720.469971
722.609985
728.200012
728.200012
731.609985
732.890015
735.51001
742.659973
742.169983
742.429993
742.289978
747.97998
751.719971
754.799988
762.940002
763.210022
766.460022
765.619995
758.950012
759.22998
759.47998
764.280029
769.299988
763.72998
760.01001
765.830017
768.609985
778.659973
777.909973
776.719971
766.73999
760.710022
760.440002
757.460022
755.630005
755.369995
760.01001
759.340027
764.289978
760.880005
747.299988
746.280029
744.190002
749.960022
756.809998
765.570007
767
767.890015
767.080017
765.780029
764.809998
770.619995
768.23999
765.380005
761.210022
758.26001
763.23999
767.469971
776.150024
777.48999