1058.650024
1046.26001
1029.819946
1033.469971
1032.369995
998.809998
990.210022
1011.099976
1008.22998
988.570007
995.869995
998.299988
1007.23999
1018.450012
1029.439941
1028.040039
1043.459961
1035.949951
1040.959961
1042.51001
1051.300049
1059.790039
1069.459961
1072.109985
1083.339966
1089.079956
1084.880005
1093.170044
1094.599976
1095.380005
1087.219971
1088.030029
1090.540039
1090.709961
1083.23999
1096.849976
1117.109985
1117.790039
1113.050049
1106.170044
1107.550049
1100.050049
1086.079956
1084.880005
1096.810059
1091.819946
1093.119995
1063.72998
1080.5
1073.050049
1088.640015
1091.069946
1099.589966
1114.420044
1112.5
1101.819946
1099.790039
1102.219971
1087.089966
1088.349976
1093.880005
1094.829956
1101.400024
1106.569946
1111.290039
1115.849976
1118.209961
1105.660034
1109.150024
1105.280029
1097.140015
1100.939941
1110.439941
1124.920044
1120.869995
1136.300049
1138.699951
1153.5
1166.76001
1176.829956
1184.170044
1186.890015
1188.199951
1190.52002
1199.660034
1178.329956
1184.599976
1186.310059
1182.670044
1183.430054
1187.819946
1202.76001
1221.869995
1234.48999
1233.560059
1239.310059
1241.880005
1248.109985
1244.420044
1247.380005
1248.650024
1247.800049
1236.300049
1225.630005
1233.47998
1243.430054
1238.72998
1243.680054
1249.150024
1232.52002
1229.76001
1230.040039
1230.76001
1235.469971
1225.650024
1213.180054
1207.640015
1183.079956
1179.27002
1167.339966
1175.439941
1182.900024
1172.579956
1153.290039
1166.01001
1185.02002
1197.449951
1191.150024
1181.599976
1158.349976
1148.819946
1153.589966
1141.189941
1106.359985
1103.48999
1060.189941
1053.469971
1086.650024
1109.819946
1097.680054
1081.390015
1049.069946
1042.369995
1062.390015
1079.439941
1066.469971
1071.949951
1080.589966
1098.849976
1124.920044
1120.530029
1128.869995
1141.109985
1137.51001
1137.27002
1138.27002
1126.150024
1133.51001
1134.689941
1133.650024
1130.910034
1124.670044
1126.839966
1143.959961
1143.050049
1139.219971
1149.02002
1153.880005
1145.030029
1141.5
1142.290039
1143.819946
1125.660034
1139.390015
1148.709961
1149.430054
1153.949951
1165.810059
1188.670044
1193.959961
1203.310059
1205.709961
1212.089966
1219.689941
1211.469971
1215.27002
1224.660034
1227.97998
1230.050049
1226.920044
1221.51001
1236.109985
1233.089966
1247.560059
1250.869995
1240.150024
1237.97998
1236.969971
1248.27002
1256.359985
1258.099976
1250.98999
1241.959961
1242.47998
1236.410034
1220
1227.880005
1227
1222.599976
1215.890015
1203.050049
1206.22998
1221.51001