459.299988
460.899994
459.399994
458.200012
458.700012
456.799988
450.700012
448.899994
439.700012
436.600006
440.200012
438.700012
437.5
440.899994
431.899994
430.399994
425.700012
425.200012
421.299988
418.100006
410.700012
415.799988
417.799988
422.200012
424.700012
424
426.799988
427.299988
428.799988
426.399994
425.799988
426.600006
429.600006
429
423.799988
421.5
422.799988
419.5
421
422.600006
425.799988
427.200012
431
430.200012
432.299988
432.5
436.5
436.799988
436.600006
434.600006
436.200012
438.100006
442.200012
442.899994
440.100006
439.299988
434.5
437.299988
438.799988
439.5
436.700012
435.399994
435.5
433.200012
437.700012
435.399994
433.420013
430.899994
430.200012
431.899994
433.5
436.299988
436.700012
435.399994
431.5
429
425.799988
420.100006
419.200012
420.600006
421.100006
418
420.100006
421.899994
423.600006
425.399994
428.600006
431.200012
431.799988
431.299988
433.200012
438.100006
441.600006
442.5
442.899994
445.700012
448.299988
452.899994
453.899994
456.899994
458.299988
453.700012
457.5
458.799988
459
462.100006
465.600006
464.600006
465
464.100006
460.899994
462.799988
466.600006
468.899994
467.100006
467.600006
460.799988
460.5
460.799988
461.299988
459.299988
455.600006
455.399994
456.899994
460.399994
462.299988
462
461.799988
459.200012
460.5
461.700012
461
463.899994
467.200012
468.399994
469.600006
464.5
460.799988
458.200012
455.299988
444.600006
442.600006
445.5
445.399994
442.600006
439.399994
438.200012
435.899994
428.899994
417.5
400
402.100006
407.700012
413
408
408.299988
410.299988
411.5
402.299988
393.5
388.600006
379.700012
374.799988
360.200012
367.299988
381.299988
382.899994
381.799988
378.700012
381.200012
381.700012
382.399994
378.799988
380.399994
381.700012
379.5
380.299988
376.200012
374.399994
374.100006
372.200012
371.700012
364.399994
362.299988
352.200012
354.799988
350
341.200012
344.5
354.700012
356.399994
351.5
349.899994
347.399994
348.100006
339.100006
333.299988
325.600006
327.600006
329.5
325.399994
326.799988
334
337.399994
341.100006
341.100006
341
339.700012
334.399994
330.799988
329.799988
329.799988