1581.530029
1594.119995
1580.140015
1561.699951
1555.540039
1503.219971
1507.579956
1541.630005
1548.76001
1547.060059
1562.880005
1590.140015
1587.920044
1576.51001
1575.930054
1561.459961
1578.900024
1610.819946
1619.48999
1619.359985
1652.890015
1666.339966
1680.439941
1676.900024
1694.349976
1690.430054
1709.040039
1708.550049
1714.339966
1710.420044
1703.430054
1715.72998
1727.01001
1728.130005
1751.76001
1738.709961
1766.47998
1777.109985
1770.51001
1758.540039
1757.140015
1759.699951
1711.920044
1753.48999
1725.160034
1748.51001
1756.849976
1764.060059
1771.660034
1788.180054
1779.300049
1788.280029
1799.97998
1789.160034
1792.51001
1812.439941
1824.51001
1828.540039
1823.619995
1818.699951
1835.680054
1847.660034
1852.959961
1855.400024
1829.140015
1798.709961
1807.01001
1820.23999
1824.949951
1843.030029
1863.26001
1858.23999
1866.599976
1887.140015
1903.869995
1917.609985
1881.390015
1868.959961
1820.310059
1831.77002
1851.640015
1868.410034
1873.439941
1878.859985
1864.910034
1856.680054
1835.140015
1864.369995
1848.069946
1860.160034
1866.180054
1865.359985
1846.77002
1831.619995
1845.869995
1831.75
1820.98999
1805
1778.089966
1781.099976
1794.619995
1778.869995
1746.819946
1761.790039
1742.310059
1769.949951
1782.920044
1787.77002
1800.76001
1773.25
1749.75
1745.050049
1715.75
1753.119995
1776.400024
1772.699951
1781.290039
1805.819946
1844.569946
1877.76001
1863.25
1869.530029
1891.079956
1894.73999
1914.459961
1894
1909.469971
1908.109985
1935.390015
1939.819946
1943.040039
1965.530029
1968.410034
1994.540039
2000.560059
2008.76001
2014.25
1979.140015
1969.75
1935.219971
1930.98999
1933.26001
1896.530029
1881.48999
1919.579956
1872.390015
1851.099976
1785.640015
1788.199951
1829.51001
1846.77002
1839.209961
1792.699951
1825.530029
1802.540039
1790.189941
1818.040039
1855.119995
1842.689941
1832.449951
1797.609985
1790.819946
1798.170044
1768.130005
1686.410034
1639.680054
1499.25
1575.089966
1592.849976
1571.859985
1566.52002
1660.859985
1624.550049
1585.329956
1641.640015
1665.689941
1678.109985
1689.910034
1646.25
1663.77002
1680.430054
1697.800049
1760.27002
1720.339966
1743.589966
1739.219971
1734.050049
1693.839966
1612.329956
1614.97998
1536.689941
1510.890015
1462.609985
1419.119995
1492.48999
1546.079956
1509.449951
1540.969971
1611.01001
1620.949951
1648.72998
1639.189941
1674.75
1702.640015
1693.859985
1724.97998
1717.630005
1737.349976
1757.189941
1771.390015