372.200012
367.5
367.200012
360.200012
359
357.5
361.899994
361.799988
355.799988
357.299988
365.200012
375.799988
377
379.700012
379
383.899994
391.299988
394.299988
396.799988
400.600006
408.5
414.200012
417.700012
424.799988
432.200012
439.200012
435
436.799988
444.100006
444
448
444.299988
448.700012
450.299988
446
446.399994
449
451.100006
447.700012
450.799988
453.100006
456.700012
461.100006
473.100006
473.799988
475.73999
475.109985
467.149994
461.399994
468.179993
467.790009
466.290009
466.269989
462.809998
466.089996
464.600006
464.149994
468.48999
478.570007
482.369995
482.299988
480.859985
491.200012
495.049988
497.570007
495.790009
495.649994
492.459991
490.76001
499.309998
501.619995
500.839996
506.75
511.309998
506.619995
501.190002
494.380005
496.079987
498.450012
496.029999
494.640015
487.73999
484.720001
487.850006
491.130005
492.100006
491.480011
491.51001
492.51001
497.809998
493.420013
493.929993
488.790009
478.079987
481.769989
481.380005
480.100006
483.600006
487.290009
489.600006
492.670013
497.170013
499.049988
503.190002
506.109985
507.100006
507.25
505.200012
502.940002
498.540009
495.850006
496.619995
491.049988
491.140015
495.070007
494.320007
491.589996
485.359985
485.880005
485.820007
475.230011
473.299988
473.079987
476.23999
475.920013
481.309998
478.779999
474.320007
474.049988
479.51001
483.640015
487.170013
488.369995
492.709991
496.190002
493.600006
493.420013
496.799988
497.549988
494.98999
489.649994
487.420013
490.279999
492.690002
493.350006
498.269989
502.040009
504.149994
505.670013
502.609985
505.200012
507.459991
509.390015
508.309998
510
514.400024
517.679993
515.669983
512.469971
497.640015
502.049988
517.969971
518.299988
521.059998
521.380005
521.75
526.289978
526.390015
525.679993
520.909973
517.919983
516.929993
516.940002
518.070007
511.279999
514.76001
521.130005
516.710022
515.679993
515.169983
518.549988
522.669983
527.190002
524.690002
526.469971
527.820007
526.940002
524.47998
526.880005
528.51001
526.330017
520.51001
520.400024
516.200012
517.25
513.809998
515.940002
519.049988
525.659973
534.109985
540.940002
536.27002
538.900024
536.960022
537.140015
535.169983
528.75
525.130005
529.409973
534.51001
541.320007
542.97998