586.450012
592.650024
597.900024
602.289978
610.320007
619.799988
615.700012
617.630005
625.75
630.820007
627.340027
626.849976
619.380005
604.869995
620.679993
622.859985
624.679993
621
621.289978
616.309998
621.369995
620.210022
623.429993
631
636.969971
637.669983
634.950012
634.130005
633.369995
644.919983
639.099976
636.429993
626.409973
622.409973
632.22998
629.75
624.929993
621.400024
632.400024
633.950012
633.469971
635.469971
634.25
630.289978
621.969971
615.950012
615.820007
623.460022
617.140015
615.919983
618.619995
617.940002
623.27002
624.940002
625.960022
624.280029
621.830017
618.679993
619.47998
615.400024
604.669983
602.070007
603.77002
602.090027
593.820007
590.01001
596.289978
581.609985
573.679993
586.75
584.23999
588.150024
594.809998
600.030029
591.809998
577.200012
575.049988
578.22998
576.049988
572.890015
566.940002
560.330017
569.940002
578.679993
578.140015
583.539978
588.070007
589.359985
587.159973
585.76001
587.130005
583.960022
582.380005
576.460022
574.429993
576.530029
578.049988
580.289978
579.099976
580.299988
575.650024
577.349976
580.48999
585.309998
588.369995
589.179993
589.929993
588.26001
585.429993
582.01001
573.799988
569.710022
567.679993
569.52002
569.01001
564.070007
553.23999
549.169983
554.200012
549.72998
553.359985
551.390015
548.200012
547.840027
558.799988
563.599976
568.98999
563.349976
563.169983
557.409973
557.570007
564.75
567.799988
570.219971
575.210022
575.469971
576.190002
570.52002
564.280029
568.630005
563.880005
565.23999
565.609985
564.72998
571.630005
577.48999
578.799988
580.830017
582.359985
581.320007
576.869995
574.02002
573.73999
573.140015
571.599976
570.849976
570.98999
573.179993
572.469971
570.869995
567.609985
567.859985
563.700012
555.390015
554.219971
558.799988
563.27002
563.559998
563.119995
565.609985
571.25
574.880005
573.440002
571.169983
574.890015
581.23999
583.01001
594.210022
587.859985
585.890015
587.820007
589.119995
588.580017
583
582.960022
585.929993
577.200012
575.340027
577.630005
583.27002
578.330017
571.630005
565.210022
570.549988
569.200012
573.880005
570.52002
573.840027
576.440002
576.219971
578.640015
582.609985
590.669983
592.700012
597.150024
597.119995
597.299988
598.919983
596.950012
601.390015
605.820007
605.169983