671.799988
674.340027
681.849976
678.210022
677.210022
682.400024
679.450012
686.780029
695.700012
697.150024
698.130005
696.809998
697.440002
700.77002
701.630005
706.950012
707.159973
697.900024
694.669983
696.340027
701.77002
705.119995
708.669983
708.849976
700.97998
698.440002
692.210022
695.02002
695.880005
690.539978
665.390015
659.429993
662.450012
663.609985
652.419983
651.400024
662.460022
667.070007
670.77002
669.51001
677.719971
683.919983
680.72998
681.369995
687.22998
688.960022
692.869995
694.280029
692.780029
695.210022
695.469971
687.400024
687.409973
682.719971
676.619995
675.039978
674.359985
681.01001
681.539978
680.76001
686.25
690.130005
686.640015
669.849976
670.710022
664.140015
668.880005
666.330017
673.119995
673.830017
673.940002
670.320007
666.780029
663.030029
661.969971
664.039978
663.51001
658.409973
645.869995
652.52002
658.159973
658.450012
661.419983
666.710022
678.159973
683.26001
680.039978
681.440002
682.820007
683.059998
681.690002
675.640015
676.369995
677.960022
680.780029
690.429993
697.429993
694.289978
694.690002
695.039978
704.090027
704.590027
700.530029
704.280029
705.859985
706.219971
702.01001
694.609985
687.73999
689.23999
688.049988
693.190002
696.409973
697.340027
696.25
695.940002
689.590027
688.73999
686.77002
684.789978
688.719971
694.809998
702.840027
701.070007
703.950012
703.590027
704.48999
702.219971
698.789978
702.710022
705.809998
707.669983
708.469971
712.48999
708.690002
699.72998
695.830017
701.900024
700.080017
695.52002
700.23999
704.539978
701
705.590027
707.23999
704.700012
707.659973
709.01001
713.789978
715.5
718.080017
718.48999
717.080017
718.77002
717.119995
718.26001
726.890015
731.01001
734.830017
730.47998
730.960022
730.859985
735.140015
733.659973
731.390015
734.070007
737.380005
742.840027
746.150024
748.650024
749.710022
739.349976
730.72998
737.710022
744.309998
740.320007
732.640015
739.549988
739.799988
740.109985
740.210022
733.559998
745.539978
752.26001
754.650024
759.950012
763.659973
763.169983
762.780029
763.22998
764.840027
762.27002
764.77002
762.48999
764.27002
767.650024
772.460022
778.969971
785.409973
787.419983
782.909973
768.710022
768.25
771.280029
772.679993
769.75
765.460022
771.880005
773.48999
779.26001