743.580017
745.840027
745.659973
749.690002
752.090027
756.52002
755.73999
756.51001
762.159973
768.159973
772.140015
772.380005
768.549988
762.049988
759.51001
763.200012
760.97998
757.559998
758.909973
751.830017
755.200012
758.309998
763.640015
772.059998
778.849976
778.969971
783.77002
785.440002
790.429993
789.419983
790.619995
795.630005
793.309998
786.969971
784.619995
787.929993
791.349976
791.080017
784.5
793.72998
791.869995
793.679993
798.789978
797.77002
791.330017
795.809998
796.23999
802.219971
802.309998
808.23999
807.380005
809.340027
808.330017
810.48999
809.780029
809.099976
811.390015
818.659973
822.630005
826.140015
819.159973
816.859985
817.210022
818.049988
813.719971
816.320007
813.799988
814.690002
821.26001
824.830017
828.530029
832.640015
830.820007
825.73999
816.549988
819.01001
823.440002
828.909973
831.280029
836.909973
840.950012
843.97998
841.630005
841.789978
850.26001
846.75
843.530029
849.289978
848.169983
847.619995
853.830017
858.940002
863.059998
868.25
871.929993
864.059998
864.570007
871.179993
879.640015
877.97998
877.320007
871.869995
858.700012
864.580017
868.820007
872.969971
882.849976
879.400024
881.580017
886.130005
884.380005
887.97998
894.22998
895.719971
902.679993
908.650024
922.090027
929.830017
929.190002
940.090027
938.869995
926.97998
919.559998
920.52002
926.809998
933.450012
934.530029
941.820007
952.929993
969.76001
976.630005
970.219971
988.630005
994.150024
999.330017
1005.890015
988.530029
952.869995
960.570007
961.77002
978.570007
993.75
1000.179993
1010.659973
1005.280029
1001.210022
991.109985
983.75
982.700012
991.090027
995.219971
997.119995
1005.099976
1000.609985
1004.109985
1012.440002
1012.369995
1025.75
1029.23999
1031.280029
1019.700012
1025.290039
1028.189941
1020.929993
1019.969971
1008.150024
1003.640015
1012.609985
1020.109985
1019.469971
1039.300049
1044.280029
1051.079956
1060.030029
1066.560059
1065
1067.400024
1066.959961
1051.099976
1050.180054
1060.319946
1065.089966
1058.51001
1053.390015
1046.150024
1038.050049
1026.540039
1047.050049
1043.540039
1027.569946
1020.450012
1002.27002
1014.200012
1012.039978
984.73999
983.469971
1001.570007
1015.630005
1018.380005
1018.130005
1035.439941
1045.369995
1046.969971
1039.530029
1036.920044
1039.23999
1026.469971
1017.570007
1025.550049
1039.689941
1036.060059