1280.699951
1310.680054
1316.400024
1327.72998
1320.349976
1326.199951
1332.02002
1330.910034
1346.359985
1333.530029
1340.459961
1349.050049
1364.280029
1376.969971
1388.060059
1378.369995
1363.829956
1352.810059
1354.369995
1355.170044
1371.02002
1379.849976
1376.050049
1373.75
1348.439941
1346.400024
1357.709961
1335.339966
1331.51001
1358.959961
1370.810059
1367.189941
1365.790039
1365.579956
1347.400024
1334.319946
1345.079956
1347.689941
1340.550049
1312.660034
1309
1311.180054
1317.369995
1329.089966
1315.430054
1311.800049
1322.719971
1316.76001
1304.130005
1293.280029
1292.969971
1279.430054
1269.339966
1249.290039
1259.26001
1254.069946
1242.640015
1248.060059
1269.079956
1249.51001
1221.699951
1216.930054
1201
1213.76001
1236.72998
1251.349976
1257.369995
1249.430054
1235.77002
1206.900024
1216.410034
1212.880005
1210.27002
1217.069946
1222.569946
1203.949951
1212.73999
1227.140015
1228.099976
1209.290039
1217.030029
1242.630005
1260.76001
1270.5
1305.329956
1339.23999
1328.300049
1322.910034
1330.829956
1335.050049
1344.189941
1333.589966
1335.550049
1353.579956
1340.72998
1341.23999
1363.880005
1373.75
1372.599976
1389.719971
1409.209961
1410.180054
1403.040039
1400.319946
1404.790039
1384.910034
1379.670044
1390.050049
1404.839966
1412.040039
1401.689941
1407.849976
1411.319946
1423.030029
1431.949951
1443.109985
1432.430054
1447.140015
1447.099976
1434.319946
1452.430054
1446.23999
1436.380005
1438.150024
1442.069946
1438.25
1455.609985
1467.609985
1470.73999
1485.099976
1486.630005
1490.930054
1502.619995
1523.880005
1542.109985
1580.630005
1568.849976
1547.98999
1536.22998
1563.859985
1567.650024
1569.130005
1569.579956
1563.530029
1572.319946
1588.050049
1593.810059
1594.329956
1605.449951
1621.530029
1630.439941
1624.180054
1598.52002
1586.73999
1576.23999
1583.400024
1586.689941
1562.030029
1569.52002
1600.709961
1628.699951
1607.359985
1598.689941
1601.569946
1591.300049
1595.540039
1581.319946
1587.319946
1618.089966
1618.23999
1624.630005
1635.77002
1645.349976
1656.219971
1639.25
1639.859985
1649.329956
1634.920044
1668.599976
1666.469971
1670.02002
1680.359985
1689.449951
1697.359985
1687.410034
1678.890015
1682.23999
1694.97998
1685.689941
1690.300049
1702.410034
1715.869995
1721.910034
1737.27002
1741.77002
1745.849976
1739.030029
1742.119995
1732.790039
1723.369995
1699.660034
1666.849976
1685.449951
1712.540039
1708.079956
1671.25
1650.920044
1532.75
1603.02002
1602.75
1570.410034
1593.609985